419 4 1
419 1 1
419 3 2
419 2 2
420 2 1
420 1 1
420 4 2
420 3 2
421 2 1
421 1 1
421 4 2
421 3 2
423 4 1
423 1 1
423 3 2
423 2 2
424 3 1
424 1 1
424 4 2
424 2 2
425 3 1
425 1 1
425 4 2
425 2 2
431 4 1
431 1 1
431 3 2
431 2 2
432 3 1
432 1 1
432 4 2
432 2 2
433 4 1
433 1 1
433 3 2
433 2 2
437 4 1
437 1 1
437 3 2
437 2 2
438 4 1
438 1 1
438 3 2
438 2 2
439 4 1
439 1 1
439 3 2
439 2 2
440 2 1
440 1 1
440 4 2
440 3 2
441 3 1
441 1 1
441 4 2
441 2 2
444 4 1
444 1 1
444 3 2
444 2 2
445 2 1
445 1 1
445 4 2
445 3 2
447 4 1
447 1 1
447 3 2
447 2 2
450 4 1
450 1 1
450 3 2
450 2 2
451 3 1
451 1 1
451 4 2
451 2 2
452 4 1
452 1 1
452 3 2
452 2 2
453 3 1
453 1 1
453 4 2
453 2 2
454 4 1
454 1 1
454 3 2
454 2 2
455 3 1
455 1 1
455 4 2
455 2 2
456 4 1
456 1 1
456 3 2
456 2 2
457 4 1
457 1 1
457 3 2
457 2 2
458 4 1
458 1 1
458 3 2
458 2 2
